0067
0633
0752
1976
2017
2022
2029
2036
2047
2055
2060
2067
2073
2077
2085
2087
2096
2315
2357
2359
2492
2512
2733
2880
2957
3307
3347
3361
3380
3402
3413
3506
3565
3584
3587
3614
3642
3650
3693
3703
3705
3706
3709
3714
3738
3745
3750
3751
3752
3757
3762
3772
3775
3803
3815
3822
3832
3834
3838
3841
3850
3852
3860
3865
3877
3883
3923
3931
5721
5725
5755
5875
5881
5882
5909
5922
5935
5944
5962
5971
5980
6324
6487
6597
6647
6757
6764
6799
6941
7127
7139
7144
7149
7154
7159
7164
10040
10041
10042
10043
10044
10045
10046
10047
10048
10049
10051
10052
10053
10054
10055
10057
10058
10059
10060
10061
10062
10063
10064
10065
10066
10067
10068
10070
10071
10072
10073
10074
